0 17
0 17
0 17
0 17
0 17
0 17
0 17
0 17
0 17
0 17
0 17
0 17
0 17
0 17
0 17
0 17
0 17
0 17
0 17
0 17
0 17
0 17
0 17
0 17
0 17
0 17
0 17
0 17
0 17
0 17
0 17
0 17
0 17
0 17
0 17
0 17
0 17
0 17
0 17
0 17
0 17
0 17
0 17
0 17
0 17
0 17
0 17
0 17
0 17
0 17
0 17
0 17
0 17
0 17
0 17
0 17
0 17
0 17
0 17
0 17
0 17
0 17
0 17
0 17
0 17
0 17
0 17
0 17
0 17
0 17
0 17
0 17
0 17
0 17
0 17
0 17
0 17
0 17
0 17
0 17
0 17
0 17
0 49
0 49
0 49
0 41
0 17
0 17
0 17
0 17
0 17
0 17
0 17
0 17
0 17
0 17
0 17
0 17
0 17
0 17
0 17
0 17
0 17
0 17
0 17
0 17
0 17
0 17
0 17
0 17
0 17
0 17
0 17
0 17
0 17
0 17
0 17
0 17
0 17
0 17
0 17
0 17
0 17
0 17
0 17
0 17
0 15
0 15
0 15
0 15
0 15
0 15
0 15
0 15
0 15
0 15
0 15
0 15
0 15
0 15
0 15
0 15
0 15
0 15
0 15
0 15
0 15
0 15
0 15
0 15
0 15
0 15
0 15
0 15
0 15
0 15
0 15
0 15
0 15
0 15
0 15
0 15
0 15
0 15
0 15
0 15
0 15
0 15
0 15
0 15
0 15
0 15
0 15
0 15
0 15
0 15
0 15
0 15
0 15
0 15
0 15
0 15
0 15
0 15
0 15
0 15
0 15
0 15
0 10
0 10
0 15
0 15
0 15
0 15
0 15
0 15
0 15
0 17
0 17
0 17
0 17
0 17
0 17
0 15
0 17
0 17
0 17
0 17
0 17
0 17
0 17
0 17
0 17
0 17
0 17
0 17
0 17
0 17
0 17
0 17
0 17
0 17
0 17
0 17
0 17
0 17
0 17
0 17
0 17
0 17
0 17
0 17
0 15
0 15
0 17
0 15
0 15
0 15
0 15
0 15
0 17
0 15
0 15
0 37
0 13
0 13
0 13
0 17
0 17
0 13
0 17
0 17
0 17
0 17
0 17
0 17
0 17
0 17
0 17
0 17
0 17
0 17
0 17
0 17
0 17
0 17
0 17
0 17
0 17
0 17
0 17
0 17
0 13
0 13
0 13
0 13
0 13
0 13
0 13
0 13
0 13
0 13
0 13
0 13
0 13
0 13
0 13
0 13
0 13
0 13
0 13
0 13
0 17
0 17
0 17
0 17
0 17
0 17
0 17
0 17
0 17
0 17
0 17
0 17
0 17
